cam0:
  cam_overlaps: []
  camera_model: pinhole
  #distortion_coeffs: [-0.2879529995338575, 0.0781311194952221, 0.00021265916642721963, -0.0001221450347654466]
  distortion_coeffs: [-3.0407627792701647e-01, 7.4440976308890669e-02, 2.8211160561809353e-04, -3.3920982545829139e-04]
  distortion_model: radtan
  intrinsics: [1.0755614245452978e+03, 9.5839209612933985e+02, 1.0764646396827686e+03, 6.1527750649003167e+02]
  resolution: [1920, 1200]
  rostopic: /flir_adk/image_raw
